65.000 16.769 37.080
6.000 19.716 36.887
2.000 22.738 36.667
1.000 25.768 36.463
5.000 28.774 36.252
4.000 31.762 36.055
3.000 34.750 35.854
7.000 37.640 35.675
8.000 40.350 35.534
9.000 43.297 35.341
64.000 16.880 38.417
18.000 19.825 38.221
17.000 22.839 38.004
16.000 25.861 37.798
15.000 28.869 37.589
14.000 31.864 37.389
13.000 34.850 37.185
12.000 37.731 37.004
11.000 40.444 36.852
10.000 43.389 36.657
60.000 16.998 39.752
19.000 19.938 39.556
20.000 22.939 39.342
21.000 25.945 39.132
22.000 28.960 38.929
23.000 31.975 38.730
24.000 34.959 38.522
25.000 37.814 38.339
26.000 40.513 38.183
27.000 43.453 37.987
59.000 17.108 41.083
28.000 20.046 40.886
29.000 23.037 40.688
30.000 26.047 40.474
31.000 29.071 40.270
32.000 32.083 40.067
33.000 35.060 39.858
34.000 37.904 39.678
35.000 40.611 39.508
36.000 43.549 39.311
58.000 17.212 42.426
37.000 20.151 42.224
38.000 23.143 42.015
39.000 26.137 41.805
40.000 29.155 41.600
41.000 32.171 41.389
42.000 35.151 41.178
43.000 38.005 40.989
44.000 40.725 40.807
45.000 43.664 40.605
57.000 17.323 43.763
54.000 20.260 43.558
53.000 23.244 43.352
52.000 26.230 43.140
51.000 29.250 42.938
50.000 32.273 42.722
49.000 35.252 42.509
48.000 38.096 42.318
47.000 40.819 42.126
46.000 43.755 41.921
