65.000 5.530 -7.260
6.000 8.470 -7.260
2.000 11.410 -7.260
1.000 14.350 -7.260
5.000 17.290 -7.260
4.000 20.230 -7.260
3.000 23.170 -7.260
7.000 26.110 -7.260
8.000 29.050 -7.260
9.000 31.990 -7.260
64.000 5.530 -5.940
18.000 8.470 -5.940
17.000 11.410 -5.940
16.000 14.350 -5.940
15.000 17.290 -5.940
14.000 20.230 -5.940
13.000 23.170 -5.940
12.000 26.110 -5.940
11.000 29.050 -5.940
10.000 31.990 -5.940
60.000 5.530 -4.620
19.000 8.470 -4.620
20.000 11.410 -4.620
21.000 14.350 -4.620
22.000 17.290 -4.620
23.000 20.230 -4.620
24.000 23.170 -4.620
25.000 26.110 -4.620
26.000 29.050 -4.620
27.000 31.990 -4.620
59.000 5.530 -3.300
28.000 8.470 -3.300
29.000 11.410 -3.300
30.000 14.350 -3.300
31.000 17.290 -3.300
32.000 20.230 -3.300
33.000 23.170 -3.300
34.000 26.110 -3.300
35.000 29.050 -3.300
36.000 31.990 -3.300
58.000 5.530 -1.980
37.000 8.470 -1.980
38.000 11.410 -1.980
39.000 14.350 -1.980
40.000 17.290 -1.980
41.000 20.230 -1.980
42.000 23.170 -1.980
43.000 26.110 -1.980
44.000 29.050 -1.980
45.000 31.990 -1.980
57.000 5.530 -0.660
54.000 8.470 -0.660
53.000 11.410 -0.660
52.000 14.350 -0.660
51.000 17.290 -0.660
50.000 20.230 -0.660
49.000 23.170 -0.660
48.000 26.110 -0.660
47.000 29.050 -0.660
46.000 31.990 -0.660
