139.000 17.419 45.162
80.000 20.354 44.953
76.000 23.370 44.732
75.000 26.331 44.511
79.000 29.322 44.302
78.000 32.333 44.087
77.000 35.320 43.873
81.000 38.184 43.675
82.000 40.896 43.491
83.000 43.831 43.282
138.000 17.515 46.480
92.000 20.449 46.273
91.000 23.460 46.052
90.000 26.425 45.833
89.000 29.414 45.624
88.000 32.422 45.412
87.000 35.415 45.201
86.000 38.277 45.007
85.000 40.986 44.824
84.000 43.920 44.617
134.000 17.604 47.801
93.000 20.539 47.595
94.000 23.549 47.370
95.000 26.514 47.143
96.000 29.517 46.931
97.000 32.516 46.727
98.000 35.508 46.522
99.000 38.377 46.334
100.000 41.083 46.152
101.000 44.018 45.946
133.000 17.707 49.108
102.000 20.639 48.906
103.000 23.639 48.680
104.000 26.604 48.454
105.000 29.616 48.243
106.000 32.612 48.048
107.000 35.604 47.855
108.000 38.468 47.672
109.000 41.164 47.492
110.000 44.096 47.290
132.000 17.803 50.435
111.000 20.734 50.233
112.000 23.730 50.014
113.000 26.705 49.797
114.000 29.691 49.590
115.000 32.688 49.386
116.000 35.701 49.187
117.000 38.557 49.002
118.000 41.254 48.823
119.000 44.185 48.621
131.000 17.899 51.753
128.000 20.829 51.553
127.000 23.820 51.334
126.000 26.798 51.118
125.000 29.783 50.912
124.000 32.776 50.711
123.000 35.797 50.516
122.000 38.650 50.334
121.000 41.343 50.156
120.000 44.274 49.956
