1      18.892      45.712
2      21.946      45.507
3      24.899      45.280
4      27.852      45.078
5      30.896      44.863
6      33.883      44.654
7      36.868      44.438
8      39.578      44.275
9      42.279      44.077
10     18.956      47.046
11     22.001      46.827
12     24.995      46.595
13     27.952      46.378
14     30.955      46.177
15     33.954      45.954
16     36.956      45.759
17     39.707      45.555
18     42.379      45.388
19     19.054      48.358
20     22.144      48.150
21     25.054      47.907
22     28.055      47.692
23     31.106      47.477
24     34.051      47.301
25     37.069      47.074
26     39.777      46.950
27     42.469      46.715
28     19.156      49.663
29     22.204      49.452
30     25.155      49.211
31     28.151      49.005
32     31.153      48.800
33     34.140      48.614
34     37.156      48.429
35     39.869      48.237
36     42.541      48.066
37     19.274      51.019
38     22.303      50.799
39     25.259      50.593
40     28.255      50.379
41     31.203      50.176
42     34.255      49.954
43     37.254      49.751
44     39.949      49.592
45     42.656      49.396
