139.000 5.530 0.660
80.000 8.470 0.660
76.000 11.410 0.660
75.000 14.350 0.660
79.000 17.290 0.660
78.000 20.230 0.660
77.000 23.170 0.660
81.000 26.110 0.660
82.000 29.050 0.660
83.000 31.990 0.660
138.000 5.530 1.980
92.000 8.470 1.980
91.000 11.410 1.980
90.000 14.350 1.980
89.000 17.290 1.980
88.000 20.230 1.980
87.000 23.170 1.980
86.000 26.110 1.980
85.000 29.050 1.980
84.000 31.990 1.980
134.000 5.530 3.300
93.000 8.470 3.300
94.000 11.410 3.300
95.000 14.350 3.300
96.000 17.290 3.300
97.000 20.230 3.300
98.000 23.170 3.300
99.000 26.110 3.300
100.000 29.050 3.300
101.000 31.990 3.300
133.000 5.530 4.620
102.000 8.470 4.620
103.000 11.410 4.620
104.000 14.350 4.620
105.000 17.290 4.620
106.000 20.230 4.620
107.000 23.170 4.620
108.000 26.110 4.620
109.000 29.050 4.620
110.000 31.990 4.620
132.000 5.530 5.940
111.000 8.470 5.940
112.000 11.410 5.940
113.000 14.350 5.940
114.000 17.290 5.940
115.000 20.230 5.940
116.000 23.170 5.940
117.000 26.110 5.940
118.000 29.050 5.940
119.000 31.990 5.940
131.000 5.530 7.260
128.000 8.470 7.260
127.000 11.410 7.260
126.000 14.350 7.260
125.000 17.290 7.260
124.000 20.230 7.260
123.000 23.170 7.260
122.000 26.110 7.260
121.000 29.050 7.260
120.000 31.990 7.260
