1      18.260      37.663
2      21.264      37.453
3      24.307      37.251
4      27.353      37.041
5      30.335      36.821
6      33.316      36.640
7      36.290      36.409
8      39.092      36.270
9      41.741      36.097
10     18.394      39.002
11     21.383      38.766
12     24.403      38.547
13     27.380      38.354
14     30.408      38.139
15     33.398      37.955
16     36.398      37.736
17     39.146      37.600
18     41.795      37.442
19     18.501      40.329
20     21.472      40.128
21     24.498      39.928
22     27.499      39.699
23     30.552      39.525
24     33.543      39.299
25     36.498      39.096
26     39.214      38.925
27     41.898      38.764
28     18.612      41.639
29     21.600      41.449
30     24.578      41.248
31     27.611      41.023
32     30.623      40.833
33     33.615      40.611
34     36.585      40.425
35     39.319      40.265
36     42.013      40.079
37     18.699      43.022
38     21.695      42.786
39     24.698      42.576
40     27.663      42.372
41     30.722      42.174
42     33.723      41.937
43     36.682      41.739
44     39.433      41.529
45     42.134      41.357
